 x  y   cell    leg len end
 0  0   1       1   1   2
 1  0   2       2   1   3
 1  1   3       3   2   5
 0  1   4       3   2   5
-1  1   5       4   2   7
-1  0   6       4   2   7
-1 -1   7       5   3   10
 0 -1   8       5   3   10
 1 -1   9       5   3   10
 2 -1   10      6   3   13
 2  0   11      6   3   13
 2  1   12      6   3   13
 2  2   13      7   4   17
 1  2   14      7   4   17
 0  2   15      7   4   17
-1  2   16      7   4   17
-2  2   17      8   4   21
-2  1   18      8   4   21
-2  0   19      8   4   21
-2 -1   20      8   4   21
-2 -2
-1 -2
 0 -2
 1 -2
 2 -2